('<s>', -1277, 92127, 92132)
('after', -52055, 92133, 92236)
('i', -2962, 92237, 92270)
('get', -5920, 92271, 92302)
('away', -1285, 92303, 92352)
('<sil>', -4433, 92353, 92356)
('drop', -39467, 92357, 92380)
('what(2)', -46387, 92381, 92396)
('the', -1256, 92397, 92473)
('how', -38195, 92474, 92502)
('i', -4400, 92503, 92689)
('<sil>', -1432, 92690, 92741)
('beg', -29970, 92742, 92765)
('<sil>', -5121, 92766, 92768)
('your(2)', -2946, 92769, 92790)
('average(2)', -3546, 92791, 92859)
('<sil>', -22810, 92860, 92862)
('what(2)', -30748, 92863, 92936)
('<sil>', -1224, 92937, 93018)
('<sil>', -2609, 93019, 93046)
("i've", -20913, 93047, 93063)
('just(2)', -7486, 93064, 93099)
('received(3)', -2422, 93100, 93187)
('<sil>', -1233, 93188, 93228)
('the(2)', -9192, 93229, 93240)
('gold', -15538, 93241, 93315)
('<sil>', -3052, 93316, 93347)
('from', -1219, 93348, 93368)
('secondary', -3641, 93369, 93440)
('to(3)', -7850, 93441, 93460)
('him(2)', -16696, 93461, 93490)
('<sil>', -7031, 93491, 93507)
('how', -19724, 93508, 93590)
('<sil>', -5318, 93591, 93603)
('he', -6759, 93604, 93626)
('<sil>', -11782, 93627, 93629)
('he', -6942, 93630, 93640)
('graduated', -2218, 93641, 93739)
('unless', -57374, 93740, 93809)
('<sil>', -9454, 93810, 93812)
("it's", -5296, 93813, 93831)
('about', -13336, 93832, 93876)
('life', -14156, 93877, 93939)
('<sil>', -1428, 93940, 93974)
('on(2)', -4826, 93975, 93995)
('our(3)', -35471, 93996, 94012)
('victory', -52731, 94013, 94069)
('<sil>', -1570, 94070, 94092)
('<sil>', -1397, 94093, 94117)
('and(2)', -3508, 94118, 94135)
('i', -1982, 94136, 94149)
("didn't(2)", -28411, 94150, 94178)
('graduate(4)', -19905, 94179, 94244)
('and', -35172, 94245, 94264)
('there', -18964, 94265, 94304)
('<sil>', -1187, 94305, 94338)
('and', -8847, 94339, 94358)
('her', -13519, 94359, 94371)
('family(2)', -5317, 94372, 94426)
('were', -29360, 94427, 94442)
('made', -44821, 94443, 94461)
('very', -1350, 94462, 94508)
('very', -1283, 94509, 94555)
('<sil>', -5270, 94556, 94569)
('poor', -17541, 94570, 94615)
('<sil>', -3203, 94616, 94621)
('fool', -27509, 94622, 94649)
('with', -33522, 94650, 94665)
('<sil>', -1331, 94666, 94689)
('him', -10730, 94690, 94714)
('<sil>', -9230, 94715, 94719)
('and', -17206, 94720, 94761)
('the(2)', -8197, 94762, 94773)
('jihad(2)', -20230, 94774, 94895)
('she', -25925, 94896, 94919)
('<sil>', -15027, 94920, 94924)
('thought', -15240, 94925, 94955)
('there', -22172, 94956, 94977)
('is', -27087, 94978, 94988)
('a', -25253, 94989, 95007)
('family', -2843, 95008, 95070)
('is', -2567, 95071, 95090)
('worth', -9690, 95091, 95153)
('<sil>', -1218, 95154, 95198)
('<sil>', -4576, 95199, 95227)
('very', -1108, 95228, 95281)
('long', -1108, 95282, 95343)
('winter', -29398, 95344, 95386)
('you', -16821, 95387, 95399)
('are', -19574, 95400, 95427)
('<sil>', -11519, 95428, 95432)
('<sil>', -1989, 95433, 95455)
('over', -13915, 95456, 95479)
('a', -22258, 95480, 95482)
('longer', -6371, 95483, 95552)
("it's", -24313, 95553, 95573)
('an(2)', -18627, 95574, 95601)
('<sil>', -1110, 95602, 95685)
('illegal', -1218, 95686, 95751)
('[SPEECH]', -1405, 95752, 95777)
('or(2)', -24983, 95778, 95788)
('<sil>', -1111, 95789, 95831)
('a(2)', -4532, 95832, 95843)
('major', -1110, 95844, 95898)
('debt', -24566, 95899, 95940)
('of', -30353, 95941, 95953)
('gratitude', -13095, 95954, 96017)
('for(3)', -4299, 96018, 96038)
('her', -18134, 96039, 96051)
('son', -17793, 96052, 96083)
("who's", -25259, 96084, 96126)
('<sil>', -1345, 96127, 96147)
('<sil>', -1226, 96148, 96162)
('to(2)', -13682, 96163, 96187)
('our', -12020, 96188, 96226)
('<sil>', -1273, 96227, 96250)
('country', -22708, 96251, 96290)
('<sil>', -1527, 96291, 96315)
('huh', -10696, 96316, 96401)
('how', -7173, 96402, 96449)
("it's", -4569, 96450, 96503)
('a', -13716, 96504, 96519)
('house', -6057, 96520, 96632)
('now', -9861, 96633, 96658)
("let's", -17284, 96659, 96681)
('say', -11502, 96682, 96697)
("i'm", -13084, 96698, 96732)
('<sil>', -1084, 96733, 96824)
('for(3)', -25878, 96825, 96842)
('american(2)', -16919, 96843, 96898)
('divide', -23785, 96899, 96952)
('the', -8533, 96953, 96966)
('wounds', -12183, 96967, 97026)
('<sil>', -10447, 97027, 97032)
('of', -8665, 97033, 97048)
('division', -8148, 97049, 97105)
('<sil>', -1109, 97106, 97136)
('have', -9839, 97137, 97153)
('to(3)', -7661, 97154, 97162)
('get(2)', -6605, 97163, 97188)
('again', -33037, 97189, 97229)
('<sil>', -1080, 97230, 97302)
('<sil>', -1074, 97303, 97357)
('your', -8980, 97358, 97394)
('republicans(2)', -5940, 97395, 97490)
('<sil>', -4622, 97491, 97498)
('and(2)', -4114, 97499, 97517)
('democrats', -1074, 97518, 97593)
('and', -5740, 97594, 97608)
('independents', -1375, 97609, 97682)
('across', -9457, 97683, 97727)
('this', -11216, 97728, 97758)
('nation', -11787, 97759, 97797)
('<sil>', -1068, 97798, 97849)
('i', -3233, 97850, 97869)
('say', -1563, 97870, 97923)
('it', -27560, 97924, 97934)
('is', -17690, 97935, 97949)
('time', -1097, 97950, 98005)
('<sil>', -3302, 98006, 98013)
('for(3)', -1107, 98014, 98033)
('owners', -34357, 98034, 98087)
('<sil>', -1118, 98088, 98099)
('hope', -7153, 98100, 98173)
('you', -17412, 98174, 98183)
('come', -2106, 98184, 98208)
('together', -1147, 98209, 98263)
('[SPEECH]', -14023, 98264, 98275)
('<sil>', -3967, 98276, 98281)
('as', -9108, 98282, 98304)
('one(2)', -4059, 98305, 98352)
('<sil>', -1218, 98353, 98396)
('united', -1100, 98397, 98452)
('people', -10427, 98453, 98497)
('<sil>', -1081, 98498, 98540)
('that', -2189, 98541, 98651)
('i', -18155, 98652, 98667)
('pledge', -36645, 98668, 98743)
('<sil>', -1082, 98744, 98778)
('to(2)', -8819, 98779, 98789)
('the', -2409, 98790, 98801)
('researchers', -1221, 98802, 98869)
('are(2)', -20683, 98870, 98878)
('well', -10608, 98879, 98910)
('and(2)', -16071, 98911, 98944)
('<sil>', -1064, 98945, 98978)
('then', -17623, 98979, 98994)
('i', -14691, 98995, 99003)
('will(2)', -2733, 99004, 99021)
('be', -1068, 99022, 99036)
('present', -10659, 99037, 99107)
('for(3)', -1445, 99108, 99126)
('all', -1118, 99127, 99153)
('americans', -4489, 99154, 99229)
('<sil>', -1080, 99230, 99282)
('and', -11255, 99283, 99301)
('this', -2850, 99302, 99325)
('is', -1993, 99326, 99335)
('so', -1068, 99336, 99406)
('<sil>', -1103, 99407, 99428)
('important', -1051, 99429, 99493)
('to(2)', -3631, 99494, 99504)
('me', -2026, 99505, 99544)
('<sil>', -1222, 99545, 99607)
('how', -1764, 99608, 99693)
('active', -11463, 99694, 99815)
('as(2)', -13358, 99816, 99837)
('soon', -27114, 99838, 99859)
('as', -17089, 99860, 99871)
('you', -11943, 99872, 99881)
('as(2)', -38474, 99882, 99909)
('in', -18682, 99910, 99951)
('<sil>', -1870, 99952, 99984)
('not', -21031, 99985, 100011)
('<sil>', -2615, 100012, 100028)
('to', -1166, 100029, 100064)
('support', -1057, 100065, 100115)
('me', -14779, 100116, 100138)
('in', -20228, 100139, 100148)
('the', -15520, 100149, 100156)
('best', -21055, 100157, 100191)
('of', -1830, 100192, 100202)
('which', -3074, 100203, 100226)
('there', -1069, 100227, 100247)
('were', -1090, 100248, 100284)
('a(2)', -16758, 100285, 100288)
('few', -1181, 100289, 100311)
('people', -1037, 100312, 100352)
('<sil>', -1069, 100353, 100361)
('whine(2)', -64958, 100362, 100493)
('luigi', -49480, 100494, 100540)
('out', -23047, 100541, 100566)
('here', -7549, 100567, 100598)
('[SPEECH]', -6834, 100599, 100615)
('<sil>', -1054, 100616, 100651)
('for(2)', -11281, 100652, 100660)
('your(2)', -8113, 100661, 100678)
('guidance', -9010, 100679, 100734)
('in', -12399, 100735, 100745)
('your(2)', -5116, 100746, 100761)
('help', -4652, 100762, 100814)
('<sil>', -1032, 100815, 100866)
('so', -1577, 100867, 100890)
('that(2)', -5489, 100891, 100905)
('we', -1869, 100906, 100924)
('can(2)', -7697, 100925, 100943)
('work', -1340, 100944, 100970)
('together', -1027, 100971, 101031)
('<sil>', -1014, 101032, 101059)
('in', -25906, 101060, 101082)
('uniform', -33556, 101083, 101149)
('<sil>', -20974, 101150, 101170)
('our', -45655, 101171, 101217)
('<sil>', -1060, 101218, 101234)
('great', -2632, 101235, 101267)
('country', -20372, 101268, 101309)
('<sil>', -1013, 101310, 101341)
('[SPEECH]', -6457, 101342, 101377)
('<sil>', -1015, 101378, 101391)
('has', -3062, 101392, 101590)
('that', -24286, 101591, 101613)
('said', -16624, 101614, 101645)
('from', -35838, 101646, 101668)
('the', -1919, 101669, 101676)
('beginning', -1091, 101677, 101727)
('<sil>', -1155, 101728, 101771)
('ours', -4548, 101772, 101823)
('was(2)', -986, 101824, 101848)
('not', -1086, 101849, 101871)
('a', -8990, 101872, 101874)
('campaign', -1844, 101875, 101961)
('<sil>', -1021, 101962, 102002)
('would', -11492, 102003, 102019)
('rather', -2430, 102020, 102077)
('<sil>', -990, 102078, 102130)
('an(2)', -17581, 102131, 102141)
('incredible', -1741, 102142, 102227)
('<sil>', -992, 102228, 102255)
('and', -11372, 102256, 102274)
('great', -11387, 102275, 102311)
('movement', -1236, 102312, 102373)
('<sil>', -1866, 102374, 102407)
('<sil>', -1055, 102408, 102446)
('made', -25894, 102447, 102481)
('out', -27625, 102482, 102507)
('of', -4591, 102508, 102526)
('millions', -11366, 102527, 102619)
('<sil>', -1045, 102620, 102671)
('of', -1456, 102672, 102683)
('hard', -23766, 102684, 102718)
('working', -17046, 102719, 102761)
('men', -1537, 102762, 102781)
('and', -13381, 102782, 102794)
('women', -992, 102795, 102837)
('<sil>', -986, 102838, 102873)
('who', -2281, 102874, 102888)
('love', -4352, 102889, 102918)
('their', -3358, 102919, 102933)
('country', -6358, 102934, 102984)
('<sil>', -992, 102985, 103032)
('and', -10862, 103033, 103044)
('won(2)', -23054, 103045, 103064)
('the(2)', -20050, 103065, 103077)
('better', -7959, 103078, 103119)
('brighter', -1288, 103120, 103159)
('future', -993, 103160, 103209)
('for(2)', -3778, 103210, 103225)
('themselves(2)', -2484, 103226, 103315)
('<sil>', -983, 103316, 103353)
('and(2)', -3998, 103354, 103373)
('for(2)', -21574, 103374, 103384)
('the', -5727, 103385, 103403)
('family(2)', -3895, 103404, 103453)
('<sil>', -3345, 103454, 103476)
('has(2)', -1070, 103477, 103668)
('some', -10278, 103669, 103691)
('movement', -28261, 103692, 103744)
('of', -13218, 103745, 103762)
('rise', -9863, 103763, 103803)
('of', -2772, 103804, 103813)
('americans(2)', -5259, 103814, 103887)
('from', -3193, 103888, 103905)
('all', -2368, 103906, 103921)
('races', -4832, 103922, 104011)
('<sil>', -981, 104012, 104046)
('religions', -999, 104047, 104119)
('backgrounds', -2997, 104120, 104189)
('and', -3076, 104190, 104206)
('lives', -15130, 104207, 104264)
('<sil>', -1238, 104265, 104289)
('who', -5711, 104290, 104301)
('want', -2414, 104302, 104345)
('and(2)', -37288, 104346, 104363)
('expect', -1997, 104364, 104433)
('our(2)', -9668, 104434, 104452)
('government(2)', -9161, 104453, 104511)
('<sil>', -3582, 104512, 104519)
('to', -1034, 104520, 104533)
('serve', -1004, 104534, 104620)
('the', -1006, 104621, 104629)
('people', -1011, 104630, 104673)
('<sil>', -3077, 104674, 104717)
('and(2)', -2894, 104718, 104742)
('serve', -3489, 104743, 104804)
('<sil>', -1486, 104805, 104818)
('the', -1053, 104819, 104840)
('people', -997, 104841, 104896)
('<sil>', -1096, 104897, 104915)
('it', -18573, 104916, 104933)
('will', -2310, 104934, 104975)
('<sil>', -1032, 104976, 105000)
("how're", -6146, 105001, 105204)
('keeping', -58621, 105205, 105239)
('data(2)', -48213, 105240, 105288)
('<sil>', -1414, 105289, 105319)
('we', -1227, 105320, 105340)
('will(2)', -4516, 105341, 105362)
('begin', -1121, 105363, 105409)
('the(2)', -3208, 105410, 105425)
('urgent', -9829, 105426, 105476)
("there's", -17863, 105477, 105524)
('<sil>', -8999, 105525, 105532)
('a', -17290, 105533, 105543)
('rebuilding', -34061, 105544, 105602)
('our(3)', -43151, 105603, 105611)
('nation', -31415, 105612, 105665)
('<sil>', -973, 105666, 105704)
('and(2)', -5806, 105705, 105730)
('we', -2900, 105731, 105742)
('knew(2)', -17507, 105743, 105773)
('in', -18988, 105774, 105799)
('<sil>', -975, 105800, 105838)
('the(2)', -1801, 105839, 105855)
('american(2)', -967, 105856, 105907)
('dream', -1044, 105908, 105940)
('<sil>', -968, 105941, 106042)
('why(2)', -36278, 106043, 106122)
('this', -43853, 106123, 106143)
('then', -34643, 106144, 106164)
('hired', -35564, 106165, 106208)
('to(2)', -2086, 106209, 106219)
('highlight', -1055, 106220, 106270)
('for(2)', -6648, 106271, 106284)
('this', -1004, 106285, 106362)
('<sil>', -3171, 106363, 106389)
('<sil>', -973, 106390, 106421)
('looking', -21148, 106422, 106457)
('at', -9015, 106458, 106473)
('the(2)', -1510, 106474, 106489)
('untapped', -2448, 106490, 106550)
('potential', -963, 106551, 106624)
('in', -7388, 106625, 106644)
('projects(3)', -6646, 106645, 106726)
('an', -31549, 106727, 106764)
('people', -958, 106765, 106823)
('over', -951, 106824, 106860)
('the', -982, 106861, 106870)
('world', -944, 106871, 106909)
('<sil>', -943, 106910, 106949)
('that', -1473, 106950, 106985)
('is', -1167, 106986, 107010)
('no', -5047, 107011, 107064)
('<sil>', -941, 107065, 107103)
('one', -9333, 107104, 107125)
('would', -8618, 107126, 107147)
('argue', -52229, 107148, 107197)
('<sil>', -4979, 107198, 107200)
('for(3)', -8593, 107201, 107230)
('our', -2487, 107231, 107251)
('country', -1050, 107252, 107301)
('<sil>', -1104, 107302, 107340)
('hi', -14221, 107341, 107654)
('<sil>', -18612, 107655, 107657)
('some', -51682, 107658, 107681)
('men', -46318, 107682, 107697)
('discussed', -32028, 107698, 107747)
('it', -925, 107748, 107849)
('[SPEECH]', -1043, 107850, 107852)
('could', -67419, 107853, 107893)
('a(2)', -67342, 107894, 107896)
('added', -55812, 107897, 107930)
('your', -3858, 107931, 107961)
('country', -4138, 107962, 108006)
('so', -1623, 108007, 108030)
('well', -2576, 108031, 108073)
('<sil>', -1994, 108074, 108087)
('tremendous', -1186, 108088, 108157)
('potential', -4197, 108158, 108220)
('<sil>', -951, 108221, 108265)
('to(3)', -10365, 108266, 108291)
('be', -1608, 108292, 108304)
('a', -11669, 108305, 108309)
('beautiful', -924, 108310, 108359)
('thing', -8503, 108360, 108392)
('<sil>', -1872, 108393, 108454)
('every(2)', -918, 108455, 108494)
('single', -926, 108495, 108536)
('american(2)', -1401, 108537, 108592)
('<sil>', -943, 108593, 108634)
('will(2)', -5683, 108635, 108651)
('have', -926, 108652, 108675)
('the(2)', -933, 108676, 108692)
('opportunity', -945, 108693, 108777)
('<sil>', -3440, 108778, 108784)
('to(2)', -1999, 108785, 108795)
('realize', -949, 108796, 108860)
('his', -7985, 108861, 108919)
('<sil>', -940, 108920, 108964)
('or', -9483, 108965, 108984)
('her', -6215, 108985, 109013)
('fullest', -42871, 109014, 109086)
('attention', -23681, 109087, 109130)
('<sil>', -937, 109131, 109156)
('[NOISE]', -6780, 109157, 109211)
('to(3)', -9275, 109212, 109227)
('forgotten', -2900, 109228, 109286)
('men', -9115, 109287, 109309)
('and(2)', -15106, 109310, 109327)
('women', -2942, 109328, 109366)
('<sil>', -2400, 109367, 109388)
('of', -18394, 109389, 109400)
('our(3)', -5075, 109401, 109414)
('country', -1010, 109415, 109477)
('<sil>', -935, 109478, 109544)
('<sil>', -1091, 109545, 109566)
('<sil>', -2425, 109567, 109580)
('will(2)', -4170, 109581, 109597)
('be', -946, 109598, 109614)
('forgotten', -2619, 109615, 109675)
('no', -15425, 109676, 109694)
('longer', -974, 109695, 109741)
('<sil>', -1082, 109742, 109768)
('how', -2845, 109769, 109908)
('we', -3023, 109909, 109931)
('are', -4273, 109932, 109945)
('going', -6206, 109946, 109986)
('to(2)', -1226, 109987, 109995)
('affects', -14966, 109996, 110071)
('<sil>', -971, 110072, 110136)
('our', -1889, 110137, 110165)
('inner', -6961, 110166, 110195)
('cities', -21866, 110196, 110261)
('<sil>', -5517, 110262, 110307)
('and(2)', -4965, 110308, 110332)
('rebuild', -3360, 110333, 110384)
('a', -16011, 110385, 110397)
('high', -7668, 110398, 110425)
('ones', -30149, 110426, 110475)
('blue', -14277, 110476, 110501)
('jeans', -2039, 110502, 110546)
('totals', -11641, 110547, 110593)
('in', -7435, 110594, 110610)
('poor', -1010, 110611, 110634)
('schools', -1059, 110635, 110703)
('hospitals', -942, 110704, 110786)
('<sil>', -943, 110787, 110821)
('we', -26675, 110822, 110831)
('can(2)', -23554, 110832, 110847)
('rebuild', -1006, 110848, 110919)
('<sil>', -4159, 110920, 110934)
('our', -982, 110935, 110963)
('<sil>', -3849, 110964, 110971)
('infrastructure', -958, 110972, 111059)
('<sil>', -1016, 111060, 111092)
('<sil>', -1005, 111093, 111130)
('<sil>', -963, 111131, 111279)
('<sil>', -1022, 111280, 111306)
('which(2)', -7914, 111307, 111349)
('will(2)', -5703, 111350, 111362)
('be', -21561, 111363, 111374)
('calm', -22955, 111375, 111445)
('<sil>', -955, 111446, 111472)
('<sil>', -1441, 111473, 111507)
('by', -11471, 111508, 111524)
('the', -10809, 111525, 111535)
('way', -941, 111536, 111589)
('<sil>', -940, 111590, 111614)
('second', -1355, 111615, 111678)
('<sil>', -8310, 111679, 111687)
('to(3)', -14329, 111688, 111700)
('none', -52948, 111701, 111739)
('<sil>', -932, 111740, 111807)
('to', -14216, 111808, 111850)
('what(2)', -19276, 111851, 111887)
('<sil>', -3198, 111888, 111928)
('they', -3538, 111929, 111949)
('use(2)', -19643, 111950, 111984)
('of', -7622, 111985, 111998)
('our(3)', -1986, 111999, 112013)
('people', -953, 112014, 112068)
('<sil>', -3681, 112069, 112080)
('to(3)', -8539, 112081, 112093)
('work', -3399, 112094, 112135)
('as', -3168, 112136, 112180)
('we', -2500, 112181, 112224)
('<sil>', -1445, 112225, 112242)
('rebuild', -2913, 112243, 112301)
('or(2)', -35804, 112302, 112313)
('<sil>', -1019, 112314, 112343)
('how', -11384, 112344, 112471)
('<sil>', -5855, 112472, 112483)
('we', -1206, 112484, 112499)
('will(2)', -2405, 112500, 112520)
('also', -931, 112521, 112607)
('<sil>', -1400, 112608, 112643)
('finally', -924, 112644, 112708)
('<sil>', -2458, 112709, 112737)
('take', -1809, 112738, 112760)
('care', -2012, 112761, 112789)
('of', -931, 112790, 112803)
('our(3)', -25745, 112804, 112815)
('great', -1252, 112816, 112850)
('standards', -21239, 112851, 112920)
('<sil>', -1406, 112921, 112932)
('when(4)', -5308, 112933, 113087)
('so', -3420, 113088, 113136)
('<sil>', -7545, 113137, 113140)
('lo', -14361, 113141, 113192)
('<sil>', -12321, 113193, 113196)
("i've", -37571, 113197, 113209)
('got', -2216, 113210, 113230)
('to(2)', -18112, 113231, 113246)
('know', -12748, 113247, 113267)
('so', -940, 113268, 113297)
('many', -1012, 113298, 113333)
('<sil>', -936, 113334, 113398)
('world', -32674, 113399, 113421)
('leaders', -37926, 113422, 113467)
('eighteen', -59031, 113468, 113515)
('month', -13487, 113516, 113559)
('journey', -1161, 113560, 113614)
('<sil>', -935, 113615, 113666)
('up', -4740, 113667, 113709)
('<sil>', -3072, 113710, 113717)
('the', -3653, 113718, 113729)
('time', -1613, 113730, 113768)
("i've", -7586, 113769, 113783)
('spent', -6055, 113784, 113817)
('with', -4375, 113818, 113833)
('them', -1582, 113834, 113859)
('during', -3529, 113860, 113888)
('this', -10504, 113889, 113910)
('campaign', -1078, 113911, 113973)
('has(2)', -8924, 113974, 113994)
('been(2)', -6024, 113995, 114039)
('<sil>', -931, 114040, 114082)
('among', -1031, 114083, 114129)
('my', -2637, 114130, 114147)
('greatest', -15349, 114148, 114196)
('owners', -6711, 114197, 114250)
('<sil>', -1345, 114251, 114270)
('are(2)', -8029, 114271, 114286)
('veterans', -1766, 114287, 114329)
('are(2)', -2758, 114330, 114347)
('credible', -10349, 114348, 114393)
('people', -921, 114394, 114434)
('<sil>', -2665, 114435, 114479)
('<sil>', -1287, 114480, 114498)
('will', -12874, 114499, 114534)
('unlock', -20317, 114535, 114578)
('up', -15601, 114579, 114597)
('on', -10829, 114598, 114616)
('a', -15705, 114617, 114622)
('project', -3352, 114623, 114690)
('of', -1126, 114691, 114723)
('<sil>', -6849, 114724, 114727)
('michelle', -21333, 114728, 114787)
('growth', -20623, 114788, 114842)
('<sil>', -1895, 114843, 114854)
('and', -7671, 114855, 114869)
('we', -4396, 114870, 114881)
('know', -12222, 114882, 114919)
('<sil>', -1960, 114920, 114972)
('i', -1601, 114973, 114985)
('will(2)', -884, 114986, 115009)
('harness', -1113, 115010, 115063)
('the(2)', -7096, 115064, 115072)
('creative', -1240, 115073, 115114)
('talents', -2244, 115115, 115165)
('of', -1152, 115166, 115177)
('our(3)', -24170, 115178, 115187)
('people', -900, 115188, 115234)
('[NOISE]', -1748, 115235, 115264)
('<sil>', -1668, 115265, 115283)
('they', -14226, 115284, 115293)
('will', -3410, 115294, 115331)
('call', -920, 115332, 115358)
('upon', -10199, 115359, 115395)
('the', -888, 115396, 115404)
('best', -897, 115405, 115455)
('and', -11252, 115456, 115469)
('brightest', -885, 115470, 115520)
('to(2)', -7796, 115521, 115528)
('leverage', -1217, 115529, 115587)
('the', -23836, 115588, 115605)
('tremendous', -4002, 115606, 115681)
('talent', -1040, 115682, 115730)
('<sil>', -6647, 115731, 115760)
('for(2)', -6621, 115761, 115770)
('the', -917, 115771, 115782)
('benefit', -2136, 115783, 115850)
('of', -1000, 115851, 115868)
('all', -4529, 115869, 115909)
('<sil>', -878, 115910, 115956)
('about', -6742, 115957, 116019)
('how', -853, 116020, 116220)
('we', -855, 116221, 116241)
('have', -860, 116242, 116278)
('a(2)', -1113, 116279, 116300)
('<sil>', -8760, 116301, 116308)
('great', -3710, 116309, 116345)
('<sil>', -858, 116346, 116387)
('economic(2)', -938, 116388, 116458)
('boom', -36075, 116459, 116473)
('and', -17348, 116474, 116501)
('<sil>', -839, 116502, 116542)
('we', -3300, 116543, 116559)
('will(2)', -3287, 116560, 116582)
('double', -944, 116583, 116627)
('are(2)', -21132, 116628, 116639)
('grown', -20293, 116640, 116676)
('<sil>', -841, 116677, 116723)
('men', -21667, 116724, 116737)
('have', -14370, 116738, 116755)
('the', -1022, 116756, 116766)
('strongest', -1125, 116767, 116848)
('economy', -25613, 116849, 116909)
('<sil>', -6109, 116910, 116914)
('in', -18332, 116915, 116927)
('you', -5053, 116928, 116939)
('were', -14523, 116940, 116955)
('in', -5106, 116956, 116963)
('the', -1737, 116964, 116971)
('world', -3151, 116972, 117014)
('<sil>', -842, 117015, 117071)
('at', -9787, 117072, 117094)
('the', -865, 117095, 117106)
('same', -848, 117107, 117149)
('time', -887, 117150, 117206)
('<sil>', -861, 117207, 117235)
('we', -928, 117236, 117250)
('will(2)', -2500, 117251, 117266)
('get', -5244, 117267, 117284)
('along', -1823, 117285, 117331)
('with', -859, 117332, 117347)
('all', -1460, 117348, 117378)
('other', -6788, 117379, 117395)
('nations', -5856, 117396, 117469)
('<sil>', -2793, 117470, 117477)
('willing', -1984, 117478, 117525)
('to(2)', -2530, 117526, 117536)
('go', -2264, 117537, 117557)
('along', -15943, 117558, 117585)
('with', -3814, 117586, 117606)
('us', -6791, 117607, 117654)
('<sil>', -1026, 117655, 117690)
('when(4)', -6768, 117691, 117843)
('<sil>', -2538, 117844, 117849)
('the', -9363, 117850, 117875)
('issue', -17483, 117876, 117902)
('to(3)', -21108, 117903, 117916)
('<sil>', -1105, 117917, 117947)
('the', -48503, 117948, 117957)
('effect(2)', -37007, 117958, 118005)
('of', -29000, 118006, 118033)
('great', -4331, 118034, 118068)
('regulation', -35603, 118069, 118143)
('that(2)', -14833, 118144, 118183)
('[NOISE]', -6019, 118184, 118198)
('<sil>', -1921, 118199, 118208)
('<sil>', -3012, 118209, 118249)
('<sil>', -811, 118250, 118283)
('no', -3338, 118284, 118306)
('dream', -16525, 118307, 118344)
('is', -13907, 118345, 118359)
('to', -7006, 118360, 118379)
('be', -17775, 118380, 118390)
('a(2)', -17671, 118391, 118401)
('good', -9458, 118402, 118429)
('challenge', -832, 118430, 118511)
('<sil>', -10451, 118512, 118515)
('is', -10687, 118516, 118532)
('to', -4199, 118533, 118549)
('they', -14105, 118550, 118582)
('<sil>', -10347, 118583, 118585)
('<sil>', -937, 118586, 118610)
('nothing', -795, 118611, 118653)
('we', -1780, 118654, 118666)
('want', -1496, 118667, 118697)
('for(3)', -5706, 118698, 118725)
('our', -800, 118726, 118750)
('future', -802, 118751, 118798)
('<sil>', -2623, 118799, 118815)
('is', -985, 118816, 118829)
('beyond(2)', -7014, 118830, 118888)
('<sil>', -1093, 118889, 118910)
('our', -3006, 118911, 118933)
('reach', -801, 118934, 118982)
('<sil>', -866, 118983, 119040)
('<sil>', -2308, 119041, 119068)
('america(2)', -809, 119069, 119119)
('will(2)', -1725, 119120, 119139)
('no', -819, 119140, 119161)
('longer', -807, 119162, 119200)
('settle', -19728, 119201, 119237)
('for(2)', -5945, 119238, 119252)
('anything', -813, 119253, 119313)
('less', -1317, 119314, 119368)
('<sil>', -2613, 119369, 119375)
('than', -4122, 119376, 119417)
('the', -1718, 119418, 119427)
('best', -1555, 119428, 119487)
('<sil>', -4038, 119488, 119500)
('how', -2496, 119501, 119606)
('am', -48669, 119607, 119627)
('i', -20686, 119628, 119644)
('asked(2)', -28464, 119645, 119669)
('how', -10551, 119670, 119732)
('to(3)', -27568, 119733, 119744)
('<sil>', -7219, 119745, 119748)
('fly', -27531, 119749, 119789)
('<sil>', -946, 119790, 119830)
('the', -12223, 119831, 119847)
("country's", -14675, 119848, 119904)
('best', -19541, 119905, 119935)
('and', -31515, 119936, 119961)
('<sil>', -792, 119962, 120005)
('and(2)', -22605, 120006, 120026)
('dream', -27065, 120027, 120060)
('big', -37886, 120061, 120106)
('and(2)', -29103, 120107, 120123)
('bold', -30849, 120124, 120168)
('and', -20870, 120169, 120180)
('daring', -35789, 120181, 120248)
('<sil>', -771, 120249, 120330)
('we', -1463, 120331, 120340)
('have', -870, 120341, 120369)
('to(3)', -8347, 120370, 120382)
('do', -769, 120383, 120407)
('that(2)', -6276, 120408, 120444)
('<sil>', -2116, 120445, 120460)
('with', -2557, 120461, 120477)
('going', -2224, 120478, 120510)
('to(2)', -2315, 120511, 120524)
('dream', -13954, 120525, 120577)
('of', -14131, 120578, 120587)
('things', -749, 120588, 120660)
('for(3)', -10200, 120661, 120681)
('our', -17128, 120682, 120700)
('country', -820, 120701, 120761)
('<sil>', -5736, 120762, 120775)
('<sil>', -747, 120776, 120807)
('and(2)', -9243, 120808, 120824)
('beautiful', -743, 120825, 120878)
('things', -745, 120879, 120958)
('<sil>', -1338, 120959, 120969)
('and', -14315, 120970, 120983)
('successfully', -4502, 120984, 121053)
('clones', -20231, 121054, 121105)
('once', -24808, 121106, 121137)
('again', -28348, 121138, 121172)
('<sil>', -743, 121173, 121222)
("don't(2)", -24651, 121223, 121239)
('wanna', -28609, 121240, 121261)
('tell', -7100, 121262, 121355)
('<sil>', -1408, 121356, 121377)
('the', -11212, 121378, 121387)
('world', -11265, 121388, 121422)
('community', -9092, 121423, 121481)
('<sil>', -726, 121482, 121543)
('there', -16127, 121544, 121558)
('while', -735, 121559, 121608)
('it', -15905, 121609, 121615)
('will(2)', -5923, 121616, 121633)
('always', -1161, 121634, 121670)
('put', -3640, 121671, 121687)
('america(2)', -11527, 121688, 121732)
("isn't", -25101, 121733, 121770)
('as(2)', -22234, 121771, 121794)
('good', -47754, 121795, 121814)
('as(2)', -19625, 121815, 121843)
('<sil>', -723, 121844, 121884)
('we', -925, 121885, 121898)
('will(2)', -5933, 121899, 121919)
('deal', -15921, 121920, 121952)
('fairly', -730, 121953, 122029)
('<sil>', -727, 122030, 122061)
('with(2)', -3342, 122062, 122093)
('everyone', -1206, 122094, 122133)
('<sil>', -735, 122134, 122158)
('with(2)', -7841, 122159, 122181)
('them(2)', -29477, 122182, 122197)
('you', -16172, 122198, 122210)
('<sil>', -808, 122211, 122252)
('how', -743, 122253, 122425)
('people', -1742, 122426, 122490)
('<sil>', -1589, 122491, 122515)
('and(2)', -22399, 122516, 122530)
('all', -4488, 122531, 122551)
('other', -1071, 122552, 122574)
('nations', -1185, 122575, 122649)
('<sil>', -4092, 122650, 122659)
('<sil>', -735, 122660, 122700)
('will', -2278, 122701, 122734)
('seek', -24026, 122735, 122772)
('common', -958, 122773, 122813)
('ground', -721, 122814, 122850)
('<sil>', -2784, 122851, 122868)
('gonna', -23979, 122869, 122906)
('assume', -27505, 122907, 122951)
('the(2)', -6539, 122952, 122972)
('<sil>', -720, 122973, 123017)
('partnership', -3803, 123018, 123117)
('not', -728, 123118, 123146)
('conflict', -6077, 123147, 123213)
('<sil>', -4433, 123214, 123240)
('in', -6142, 123241, 123259)
('town', -10152, 123260, 123307)
('<sil>', -724, 123308, 123352)
("i'd", -14956, 123353, 123366)
('like', -716, 123367, 123387)
('to(2)', -13069, 123388, 123398)
('take', -6053, 123399, 123430)
('this', -1051, 123431, 123455)
('moment', -956, 123456, 123496)
('to(3)', -11249, 123497, 123506)
('thank', -11128, 123507, 123556)
('<sil>', -704, 123557, 123624)
('some', -6753, 123625, 123652)
('of', -4194, 123653, 123664)
('the', -1143, 123665, 123673)
('people', -700, 123674, 123722)
('who', -4790, 123723, 123745)
('really(2)', -704, 123746, 123794)
('helped', -5387, 123795, 123838)
('me', -6301, 123839, 123869)
('with(2)', -3476, 123870, 123900)
('this', -2591, 123901, 123952)
('<sil>', -706, 123953, 123992)
('what(2)', -21180, 123993, 124013)
('<sil>', -3858, 124014, 124016)
("they're", -2567, 124017, 124038)
('calling', -733, 124039, 124082)
('to(3)', -15927, 124083, 124096)
('high', -20720, 124097, 124127)
('[SPEECH]', -3175, 124128, 124136)
('<sil>', -5622, 124137, 124153)
('very', -2697, 124154, 124190)
('very', -789, 124191, 124225)
('historic', -779, 124226, 124295)
('<sil>', -1631, 124296, 124311)
('<sil>', -732, 124312, 124390)
('victory', -10548, 124391, 124438)
('<sil>', -993, 124439, 124473)
('for(3)', -3860, 124474, 124501)
('someone', -6811, 124502, 124538)
('to(3)', -47085, 124539, 124546)
('thank', -31029, 124547, 124578)
('my', -821, 124579, 124595)
('parents', -1091, 124596, 124663)
('when(2)', -7559, 124664, 124692)
('you', -14032, 124693, 124709)
('are', -13734, 124710, 124721)
('looking', -724, 124722, 124760)
('down', -717, 124761, 124825)
('<sil>', -1230, 124826, 124841)
('on(2)', -7395, 124842, 124878)
('my', -3247, 124879, 124897)
('head', -2591, 124898, 124986)
('have', -14686, 124987, 125093)
('learned', -22000, 125094, 125126)
('so', -714, 125127, 125149)
('much', -705, 125150, 125180)
('from', -13025, 125181, 125199)
('them(2)', -19116, 125200, 125234)
('<sil>', -709, 125235, 125273)
('they', -19771, 125274, 125284)
('were', -15535, 125285, 125301)
('wonderful', -699, 125302, 125363)
('and', -4162, 125364, 125381)
('every(2)', -1052, 125382, 125447)
('<sil>', -1288, 125448, 125463)
('regard', -2437, 125464, 125510)
('had', -34452, 125511, 125532)
('to', -3307, 125533, 125549)
('leave', -16316, 125550, 125570)
('make', -15795, 125571, 125602)
('ends', -12774, 125603, 125661)
('<sil>', -918, 125662, 125679)
('<sil>', -702, 125680, 125714)
('i', -11578, 125715, 125723)
('also', -698, 125724, 125760)
('wanna', -6676, 125761, 125779)
('thank', -7546, 125780, 125816)
('my', -720, 125817, 125834)
("sister's", -5696, 125835, 125908)
('marines', -913, 125909, 126002)
('both', -70122, 126003, 126056)
('my', -47667, 126057, 126070)
('hair', -35346, 126071, 126103)
('<sil>', -7079, 126104, 126112)
('was', -24407, 126113, 126151)
('the', -35737, 126152, 126161)
('guy', -40552, 126162, 126191)
('<sil>', -684, 126192, 126277)
('<sil>', -682, 126278, 126329)
('said', -32425, 126330, 126373)
("we're(3)", -28945, 126374, 126431)
('<sil>', -1619, 126432, 126454)
('<sil>', -3700, 126455, 126462)
("we're(3)", -19934, 126463, 126480)
('here', -15978, 126481, 126502)
('somewhat(2)', -15738, 126503, 126573)
('<sil>', -687, 126574, 126628)
('never', -16640, 126629, 126659)
('shy', -1020, 126660, 126708)
('action', -25243, 126709, 126755)
('<sil>', -779, 126756, 126785)
('<sil>', -693, 126786, 126869)
('and(2)', -13975, 126870, 126882)
('my', -696, 126883, 126897)
('brother', -689, 126898, 126938)
('robert', -696, 126939, 127008)
('my', -4949, 127009, 127022)
('great', -4280, 127023, 127054)
('friend', -10695, 127055, 127094)
("where's(2)", -29078, 127095, 127134)
('robin', -21860, 127135, 127175)
('where(2)', -3503, 127176, 127242)
('is', -8440, 127243, 127260)
('[SPEECH]', -2251, 127261, 127280)
('why(2)', -23811, 127281, 127342)
('brother', -689, 127343, 127382)
('robert', -693, 127383, 127430)
('<sil>', -6403, 127431, 127441)
('has(2)', -2373, 127442, 127541)
('<sil>', -1090, 127542, 127576)
('a', -12687, 127577, 127584)
('vision', -19081, 127585, 127619)
('of', -15603, 127620, 127637)
('the', -1417, 127638, 127652)
('other', -5581, 127653, 127674)
('states', -6925, 127675, 127730)
('but', -12787, 127731, 127748)
('<sil>', -1850, 127749, 127785)
('<sil>', -1342, 127786, 127819)
('themselves(2)', -56475, 127820, 127869)
('in', -43054, 127870, 127887)
('<sil>', -688, 127888, 127928)
('<sil>', -1338, 127929, 127948)
('<sil>', -744, 127949, 127977)
('london', -26018, 127978, 128040)
('and(2)', -2508, 128041, 128058)
('also', -1805, 128059, 128099)
('my', -661, 128100, 128118)
('late', -2472, 128119, 128148)
('brother', -1544, 128149, 128181)
('fred', -25714, 128182, 128225)
('make', -50349, 128226, 128251)
('it', -24751, 128252, 128282)
('insisted', -31509, 128283, 128342)
('<sil>', -689, 128343, 128394)
('it', -20202, 128395, 128417)
('says', -16819, 128418, 128449)
('the(2)', -10236, 128450, 128458)
("family's", -26620, 128459, 128527)
('very', -17415, 128528, 128547)
('lived(2)', -46332, 128548, 128578)
('in', -27910, 128579, 128585)
('<sil>', -639, 128586, 128685)
('lake', -62795, 128686, 128713)
('<sil>', -2029, 128714, 128751)
('brothers', -3811, 128752, 128813)
('sisters', -3231, 128814, 128890)
('played', -20690, 128891, 128948)
('unbelievable', -696, 128949, 129018)
('comes', -17690, 129019, 129080)
('<sil>', -623, 129081, 129129)
('to(3)', -4221, 129130, 129141)
('mull', -14835, 129142, 129161)
('audience', -768, 129162, 129215)
('<sil>', -624, 129216, 129262)
('<sil>', -624, 129263, 129302)
('and(2)', -11563, 129303, 129316)
('the', -18021, 129317, 129328)
('ah', -2480, 129329, 129369)
('heavy', -26759, 129370, 129431)
('gonna', -62229, 129432, 129460)
('go', -51263, 129461, 129492)
('<sil>', -607, 129493, 129552)
('ahead', -604, 129553, 129763)
('<sil>', -3821, 129764, 129789)
('and(2)', -2825, 129790, 129810)
('defending', -10931, 129811, 129875)
('<sil>', -2831, 129876, 129893)
('ahead', -3213, 129894, 130001)
('parent', -51326, 130002, 130092)
('i', -3100, 130093, 130106)
('love', -858, 130107, 130139)
('you', -742, 130140, 130176)
('and(2)', -7807, 130177, 130201)
('i', -3152, 130202, 130212)
('thank', -36948, 130213, 130254)
('you', -604, 130255, 130298)
('<sil>', -590, 130299, 130353)
('and', -15735, 130354, 130365)
('especially', -5235, 130366, 130449)
('for(3)', -6226, 130450, 130470)
('putting(2)', -1774, 130471, 130506)
('up', -10184, 130507, 130536)
('with', -636, 130537, 130552)
('all', -1085, 130553, 130575)
('of', -4162, 130576, 130587)
('those', -595, 130588, 130613)
('knows', -19161, 130614, 130662)
('this', -14976, 130663, 130691)
('was(2)', -13483, 130692, 130745)
('[SPEECH]', -2417, 130746, 130767)
('<sil>', -675, 130768, 130908)
('a', -22760, 130909, 130925)
('suicide', -20504, 130926, 131009)
('<sil>', -876, 131010, 131057)
('whose', -43572, 131058, 131081)
('political(2)', -8760, 131082, 131145)
('stuff', -2652, 131146, 131185)
('is', -3205, 131186, 131214)
('nasty', -10901, 131215, 131272)
('and(2)', -10489, 131273, 131304)
('stuff', -27511, 131305, 131348)
('<sil>', -579, 131349, 131440)
('so', -6103, 131441, 131454)
('i', -39812, 131455, 131461)
('wanna', -50332, 131462, 131489)
('thank', -38438, 131490, 131529)
('my', -661, 131530, 131544)
('family(2)', -2604, 131545, 131588)
('room', -15973, 131589, 131625)
('and', -17889, 131626, 131650)
('<sil>', -2747, 131651, 131665)
('ruin(2)', -34416, 131666, 131715)
('<sil>', -4870, 131716, 131718)
('him', -44340, 131719, 131739)
('and', -13023, 131740, 131766)
('to', -29844, 131767, 131778)
('think', -36894, 131779, 131811)
('you', -5559, 131812, 131823)
('will(2)', -19516, 131824, 131847)
('<sil>', -563, 131848, 131895)
('make', -21024, 131896, 131918)
('you', -6296, 131919, 131936)
('a', -27196, 131937, 131957)
('high', -34103, 131958, 131974)
('level', -14799, 131975, 132061)
('of', -1889, 132062, 132106)
('and', -2152, 132107, 132123)
('<sil>', -1873, 132124, 132126)
('<sil>', -1762, 132127, 132129)
('<sil>', -3198, 132130, 132132)
('<sil>', -4468, 132133, 132182)
('common', -21312, 132183, 132217)
('with', -9164, 132218, 132233)
('vanessa', -3285, 132234, 132321)
('thank', -17414, 132322, 132358)
('you', -898, 132359, 132378)
('<sil>', -554, 132379, 132422)
('thank', -46925, 132423, 132452)
('you', -558, 132453, 132462)
('very', -47622, 132463, 132481)
('much', -16039, 132482, 132527)
('<sil>', -710, 132528, 132554)
('<sil>', -566, 132555, 132629)
('water', -10629, 132630, 132658)
('great', -7123, 132659, 132690)
('<sil>', -5993, 132691, 132698)
('it', -1389, 132699, 132751)
('<sil>', -549, 132752, 132808)
("you'll", -5398, 132809, 132851)
('given', -26191, 132852, 132906)
('me', -1506, 132907, 132936)
('such', -4270, 132937, 132976)
('incredible', -17093, 132977, 133026)
('support', -1546, 133027, 133086)
('in', -30841, 133087, 133095)
('the', -15310, 133096, 133113)
('woods', -18588, 133114, 133137)
('in', -5499, 133138, 133181)
('bed', -6881, 133182, 133215)
('<sil>', -6295, 133216, 133250)
('we', -541, 133251, 133269)
('have', -843, 133270, 133293)
('a(2)', -5349, 133294, 133302)
('large', -543, 133303, 133366)
('group', -544, 133367, 133393)
('of', -1206, 133394, 133401)
('people', -539, 133402, 133428)
('you', -3399, 133429, 133443)
('know', -10994, 133444, 133454)
('the', -5471, 133455, 133465)
('camps', -11641, 133466, 133497)
('and', -8857, 133498, 133516)
('we', -540, 133517, 133526)
('have', -984, 133527, 133540)
('the', -6272, 133541, 133547)
('small', -14308, 133548, 133582)
('stuff', -16587, 133583, 133614)
("that's", -7712, 133615, 133649)
('a', -7998, 133650, 133662)
('small', -1388, 133663, 133691)
('little', -7564, 133692, 133735)
('bit', -10485, 133736, 133754)
('of', -560, 133755, 133796)
('<sil>', -4918, 133797, 133799)
('<sil>', -5105, 133800, 133802)
('a(2)', -6147, 133803, 133812)
('[SPEECH]', -904, 133813, 133834)
('<sil>', -2418, 133835, 133869)
('lid', -48534, 133870, 133894)
('on(2)', -27378, 133895, 133910)
('lose', -23070, 133911, 133945)
('their', -18790, 133946, 133966)
('<sil>', -2761, 133967, 133985)
('<sil>', -780, 133986, 134006)
('high', -6143, 134007, 134074)
('taliban', -1536, 134075, 134163)
('had', -5432, 134164, 134201)
('highest', -45463, 134202, 134268)
('hand', -46793, 134269, 134316)
('how', -51597, 134317, 134358)
('are(2)', -56808, 134359, 134371)
('they', -14084, 134372, 134425)
('<sil>', -5180, 134426, 134444)
('had', -16010, 134445, 134475)
('saved', -17645, 134476, 134571)
('and', -14189, 134572, 134589)
('david', -3622, 134590, 134701)
('we', -2877, 134702, 134732)
('have', -530, 134733, 134762)
('died', -9054, 134763, 134808)
('<sil>', -685, 134809, 134855)
('<sil>', -2705, 134856, 134888)
('<sil>', -1635, 134889, 134908)
('we', -25595, 134909, 134932)
('have', -4933, 134933, 134956)
('got', -8163, 134957, 134993)
('tremendously', -4527, 134994, 135075)
('talented', -513, 135076, 135138)
('people', -510, 135139, 135174)
('up', -18703, 135175, 135187)
('here', -30103, 135188, 135203)
('are(2)', -12421, 135204, 135211)
('the', -36637, 135212, 135225)
('ones', -20475, 135226, 135251)
('that(2)', -12558, 135252, 135273)
('you', -1353, 135274, 135295)
('<sil>', -510, 135296, 135329)
("it's", -1953, 135330, 135351)
('been', -1960, 135352, 135397)
('<sil>', -510, 135398, 135431)
("it's", -1463, 135432, 135454)
('been', -1039, 135455, 135484)
('very', -501, 135485, 135515)
('very', -1758, 135516, 135545)
('special', -1759, 135546, 135592)
('wanna', -10371, 135593, 135614)
('give', -13385, 135615, 135638)
('a', -9088, 135639, 135645)
('very', -4192, 135646, 135671)
('special', -502, 135672, 135722)
('thanks', -500, 135723, 135767)
('to', -643, 135768, 135806)
('<sil>', -502, 135807, 135855)
('<sil>', -504, 135856, 135876)
('our(3)', -6740, 135877, 135898)
('former', -4716, 135899, 135942)
('mayor', -6944, 135943, 135979)
('rudy', -4483, 135980, 136029)
('<sil>', -501, 136030, 136063)
('julianne', -77012, 136064, 136121)
('<sil>', -6846, 136122, 136125)
('hough', -2974, 136126, 136333)
('<sil>', -5882, 136334, 136342)
("i'm", -36190, 136343, 136363)
('good', -45480, 136364, 136395)
('enough', -22757, 136396, 136423)
('<sil>', -4167, 136424, 136433)
('to(2)', -15853, 136434, 136449)
('travel', -6672, 136450, 136504)
('to', -24042, 136505, 136517)
('a', -17831, 136518, 136527)
('less', -27381, 136528, 136573)
('any', -26873, 136574, 136617)
('way', -12748, 136618, 136642)
('to(2)', -59063, 136643, 136660)
('move', -55381, 136661, 136688)
('a(2)', -3686, 136689, 136740)
('<sil>', -1107, 136741, 136757)
('via(2)', -74109, 136758, 136789)
('reddit', -31693, 136790, 136833)
('average(3)', -11366, 136834, 136870)
('age', -5241, 136871, 136900)
('of', -22397, 136901, 136911)
('revenue', -22063, 136912, 136971)
('<sil>', -483, 136972, 137015)
("where's", -35567, 137016, 137061)
('<sil>', -481, 137062, 137108)
('[SPEECH]', -743, 137109, 137135)
('the', -493, 137136, 137170)
('<sil>', -5569, 137171, 137173)
('<sil>', -475, 137174, 137223)
('governor', -5971, 137224, 137263)
('crist', -13189, 137264, 137308)
('lose', -29356, 137309, 137337)
('the(2)', -5295, 137338, 137352)
('folks', -3499, 137353, 137396)
('who', -4763, 137397, 137406)
('is', -6162, 137407, 137446)
('<sil>', -5651, 137447, 137449)
('how', -1205, 137450, 137492)
('[SPEECH]', -2388, 137493, 137517)
('<sil>', -1397, 137518, 137548)
('<sil>', -6017, 137549, 137560)
('i', -14267, 137561, 137574)
('get(2)', -32438, 137575, 137595)
('<sil>', -489, 137596, 137684)
('the', -1313, 137685, 137693)
('first', -553, 137694, 137738)
('man', -1062, 137739, 137782)
('<sil>', -486, 137783, 137825)
('versus(2)', -11858, 137826, 137885)
('the', -4799, 137886, 137900)
('first', -714, 137901, 137933)
('day', -3184, 137934, 137966)
('your(2)', -5439, 137967, 137984)
('major', -477, 137985, 138025)
('politician', -600, 138026, 138096)
('who', -22248, 138097, 138113)
('lives', -25635, 138114, 138129)
('in', -19409, 138130, 138151)
('these', -6020, 138152, 138187)
('<sil>', -7860, 138188, 138194)
('highly', -836, 138195, 138240)
('respect(2)', -32448, 138241, 138293)
('in', -38172, 138294, 138314)
('which', -17160, 138315, 138346)
('it', -23036, 138347, 138382)
('[SPEECH]', -24717, 138383, 138385)
('[SPEECH]', -15737, 138386, 138389)
('<sil>', -5410, 138390, 138397)
('<sil>', -1693, 138398, 138430)
('is', -19509, 138431, 138445)
('jesus', -17872, 138446, 138494)
('might', -41266, 138495, 138529)
('need', -32401, 138530, 138568)
('a(2)', -22608, 138569, 138588)
('<sil>', -471, 138589, 138629)
('senator', -29349, 138630, 138692)
('<sil>', -3701, 138693, 138696)
('jeff', -1770, 138697, 138756)
('<sil>', -4407, 138757, 138764)
('says', -7215, 138765, 138803)
('hi', -6497, 138804, 138917)
('i', -23966, 138918, 138920)
('have', -4607, 138921, 138997)
('great', -3421, 138998, 139027)
('man', -3533, 139028, 139056)
('<sil>', -930, 139057, 139098)
('another', -38325, 139099, 139133)
('great', -1080, 139134, 139177)
('and(2)', -12283, 139178, 139217)
('very', -521, 139218, 139246)
('tough', -666, 139247, 139276)
('competitor(2)', -8060, 139277, 139349)
('<sil>', -4315, 139350, 139358)
('he', -769, 139359, 139372)
('was(2)', -456, 139373, 139403)
('that', -499, 139404, 139429)
('easy', -453, 139430, 139493)
('<sil>', -457, 139494, 139529)
('he', -2310, 139530, 139545)
('was(2)', -2310, 139546, 139579)
('not', -591, 139580, 139607)
('easy', -450, 139608, 139651)
('<sil>', -3457, 139652, 139664)
('home', -6857, 139665, 139785)
('was(2)', -32252, 139786, 139806)
('out', -37778, 139807, 139834)
('of', -36771, 139835, 139848)
('the', -6451, 139849, 139860)
('rare', -32503, 139861, 139893)
('that(2)', -19406, 139894, 139918)
('you', -33578, 139919, 139924)
('know', -43755, 139925, 139934)
('them(2)', -40351, 139935, 139952)
('<sil>', -653, 139953, 139972)
('up', -3693, 139973, 140072)
('the', -4521, 140073, 140112)
('<sil>', -436, 140113, 140154)
('ah', -38380, 140155, 140211)
('alright', -37881, 140212, 140245)
('yeah', -13518, 140246, 140262)
('but', -3167, 140263, 140303)
('<sil>', -429, 140304, 140329)
('one', -25071, 140330, 140344)
('of', -19694, 140345, 140355)
('the', -15762, 140356, 140362)
('great', -1055, 140363, 140396)
('man', -1026, 140397, 140429)
('who', -911, 140430, 140452)
('is', -2202, 140453, 140469)
('done', -16202, 140470, 140506)
('<sil>', -423, 140507, 140575)
('[SPEECH]', -874, 140576, 140605)
('really', -3325, 140606, 140635)
('a', -16507, 140636, 140655)
('[SPEECH]', -2065, 140656, 140663)
('friend', -1207, 140664, 140704)
('to(3)', -15098, 140705, 140715)
('that(2)', -30987, 140716, 140739)
('but', -12967, 140740, 140764)
("i'll", -52671, 140765, 140778)
('tell', -53346, 140779, 140797)
('you', -491, 140798, 140834)
('<sil>', -431, 140835, 140858)
('i', -47338, 140859, 140864)
('get', -1876, 140865, 140886)
('to(2)', -2331, 140887, 140897)
('know', -522, 140898, 140932)
('them(2)', -20770, 140933, 140970)
('<sil>', -428, 140971, 141005)
('as(2)', -7036, 141006, 141022)
('a', -8163, 141023, 141026)
('competitor', -8434, 141027, 141092)
('<sil>', -3996, 141093, 141099)
('<sil>', -534, 141100, 141119)
('because', -10005, 141120, 141156)
('you', -4160, 141157, 141172)
('lose', -2322, 141173, 141223)
('<sil>', -3663, 141224, 141226)
('one', -7028, 141227, 141248)
('of', -965, 141249, 141262)
('the', -1578, 141263, 141269)
('folks', -418, 141270, 141318)
('that(2)', -8099, 141319, 141336)
('<sil>', -8107, 141337, 141343)
('loses', -35909, 141344, 141392)
('negotiating', -7864, 141393, 141477)
('to(3)', -9578, 141478, 141489)
('go', -498, 141490, 141516)
('against', -1388, 141517, 141560)
('those', -14959, 141561, 141585)
('democrats', -753, 141586, 141665)
('<sil>', -475, 141666, 141701)
('bacteria', -69150, 141702, 141751)
('and(2)', -3467, 141752, 141805)
('viruses(2)', -88183, 141806, 141848)
("where's", -46442, 141849, 141879)
('<sil>', -4115, 141880, 141888)
('that', -5741, 141889, 141918)
('<sil>', -5035, 141919, 141935)
('huh', -41324, 141936, 141989)
('huh', -10031, 141990, 142015)
('huh', -22777, 142016, 142056)
('<sil>', -6922, 142057, 142068)
('and', -20883, 142069, 142081)
('by', -9325, 142082, 142097)
('the', -4264, 142098, 142107)
('way', -707, 142108, 142119)
('my', -391, 142120, 142143)
('doctor', -17267, 142144, 142181)
('please', -30144, 142182, 142214)
('yourself', -22097, 142215, 142263)
('why', -28102, 142264, 142281)
("isn't(2)", -32144, 142282, 142309)
('he', -2685, 142310, 142348)
('is', -1434, 142349, 142394)
('<sil>', -411, 142395, 142450)
('<sil>', -5729, 142451, 142461)
('my', -15505, 142462, 142487)
('kids', -30912, 142488, 142524)
('families(2)', -26437, 142525, 142588)
('[SPEECH]', -496, 142589, 142636)
('<sil>', -398, 142637, 142674)
('thank', -30770, 142675, 142696)
('you', -485, 142697, 142752)
('<sil>', -485, 142753, 142767)
('<sil>', -397, 142768, 142815)
('general(2)', -1244, 142816, 142878)
('<sil>', -445, 142879, 142911)
('mike', -46274, 142912, 142959)
('<sil>', -410, 142960, 142976)
('flynn', -634, 142977, 143018)
('<sil>', -475, 143019, 143059)
('however', -30733, 143060, 143201)
('of', -45021, 143202, 143240)
('<sil>', -821, 143241, 143270)
('the', -11109, 143271, 143288)
('general(2)', -2271, 143289, 143335)
('della', -53570, 143336, 143384)
('<sil>', -8826, 143385, 143390)
('<sil>', -465, 143391, 143430)
('we', -2224, 143431, 143453)
('have', -385, 143454, 143503)
('<sil>', -1591, 143504, 143521)
('over', -382, 143522, 143548)
('two', -4469, 143549, 143579)
('hundred(2)', -872, 143580, 143618)
('generals(2)', -3189, 143619, 143694)
('<sil>', -8352, 143695, 143699)
('and', -8794, 143700, 143712)
('admirals', -59740, 143713, 143765)
('move', -82188, 143766, 143785)
('into(2)', -20865, 143786, 143809)
('amsterdam', -34450, 143810, 143868)
('<sil>', -6190, 143869, 143874)
('in', -2913, 143875, 143901)
('<sil>', -358, 143902, 143946)
('the(2)', -17574, 143947, 143961)
('end', -38606, 143962, 143978)
('and', -15396, 143979, 143991)
('special', -361, 143992, 144033)
('people', -356, 144034, 144085)
('and', -23967, 144086, 144106)
('truly', -43876, 144107, 144143)
('an(2)', -42634, 144144, 144155)
('honor', -13276, 144156, 144185)
('with', -2749, 144186, 144207)
('twenty(2)', -2360, 144208, 144242)
('two', -1163, 144243, 144284)
('<sil>', -370, 144285, 144335)
('congressional', -362, 144336, 144421)
('<sil>', -372, 144422, 144445)
('medal', -3307, 144446, 144471)
('of', -1117, 144472, 144482)
('honor', -537, 144483, 144510)
('recipient(2)', -4736, 144511, 144576)
('who', -21413, 144577, 144585)
('have', -11354, 144586, 144616)
('<sil>', -662, 144617, 144637)
('just(2)', -7477, 144638, 144667)
('for(2)', -22505, 144668, 144675)
('vendors', -28211, 144676, 144722)
('to', -16861, 144723, 144757)
('<sil>', -23990, 144758, 144760)
('<sil>', -23085, 144761, 144763)
('<sil>', -18397, 144764, 144766)
('<sil>', -14013, 144767, 144796)
('<sil>', -7150, 144797, 144806)
('<sil>', -2415, 144807, 144812)
('a', -8898, 144813, 144825)
('very', -5083, 144826, 144869)
('special', -373, 144870, 144922)
('person', -13493, 144923, 144971)
('who', -14163, 144972, 144996)
('<sil>', -6053, 144997, 145000)
('believe', -6534, 145001, 145054)
('me', -403, 145055, 145085)
('and(2)', -3405, 145086, 145102)
('you', -452, 145103, 145112)
('know', -779, 145113, 145124)
("i've", -23877, 145125, 145142)
('read(2)', -4254, 145143, 145161)
('reports(2)', -1850, 145162, 145215)
('that', -1084, 145216, 145232)
('i', -11722, 145233, 145239)
('was(2)', -4155, 145240, 145267)
('in', -13669, 145268, 145281)
('getting', -5582, 145282, 145308)
('along', -375, 145309, 145338)
('with(2)', -2710, 145339, 145358)
('him(2)', -11464, 145359, 145374)
('i', -780, 145375, 145390)
('never', -3457, 145391, 145419)
('had', -8594, 145420, 145439)
('a', -11771, 145440, 145445)
('bed', -26214, 145446, 145488)
('<sil>', -2219, 145489, 145514)
('<sil>', -1164, 145515, 145540)
('second', -1962, 145541, 145596)
('two', -44951, 145597, 145608)
('and', -50168, 145609, 145645)
('[NOISE]', -23449, 145646, 145673)
('[NOISE]', -11539, 145674, 145689)
("he's", -4080, 145690, 145713)
('an(2)', -17457, 145714, 145734)
('<sil>', -4739, 145735, 145737)
('unbelievable', -348, 145738, 145847)
('<sil>', -2784, 145848, 145855)
('star', -3379, 145856, 145929)
('<sil>', -389, 145930, 145986)
('she', -7168, 145987, 146046)
('<sil>', -5434, 146047, 146051)
('is', -4067, 146052, 146090)
('after', -59548, 146091, 146120)
("i've", -54562, 146121, 146143)
('added', -31528, 146144, 146181)
('you', -1776, 146182, 146195)
('<sil>', -4819, 146196, 146200)
('possibly', -336, 146201, 146259)
('get', -2237, 146260, 146281)
('[NOISE]', -1646, 146282, 146316)
('<sil>', -3845, 146317, 146324)
('so', -727, 146325, 146352)
('<sil>', -3498, 146353, 146362)
('let', -20386, 146363, 146376)
('me', -20462, 146377, 146385)
('dead', -36307, 146386, 146414)
('our(2)', -6982, 146415, 146428)
('rights', -2493, 146429, 146481)
('<sil>', -329, 146482, 146533)
('have', -18317, 146534, 146562)
('said', -421, 146563, 146586)
('that(2)', -13685, 146587, 146607)
('hard', -705, 146608, 146684)
('said', -67394, 146685, 146707)
('right-hand', -33975, 146708, 146830)
("i'm", -20207, 146831, 146851)
('not', -8418, 146852, 146893)
('trying', -46692, 146894, 146928)
('out', -32742, 146929, 146951)
('with', -32463, 146952, 146966)
('those', -15366, 146967, 147007)
('people', -3646, 147008, 147038)
('over', -14208, 147039, 147059)
('the', -5025, 147060, 147076)
('<sil>', -2881, 147077, 147130)
('line', -43030, 147131, 147157)
('our', -55378, 147158, 147180)
('<sil>', -3804, 147181, 147188)
('rights', -588, 147189, 147264)
('<sil>', -343, 147265, 147282)
('<sil>', -268, 147283, 147305)
('is', -6617, 147306, 147324)
('as(2)', -12119, 147325, 147342)
('opposed', -10575, 147343, 147378)
('to(3)', -10607, 147379, 147394)
('<sil>', -21188, 147395, 147398)
('what', -54220, 147399, 147421)
('i', -7850, 147422, 147430)
('said', -2822, 147431, 147466)
('<sil>', -242, 147467, 147508)
('they', -3005, 147509, 147522)
("can't", -16788, 147523, 147568)
('call', -893, 147569, 147606)
('you', -1718, 147607, 147619)
('were', -14254, 147620, 147629)
('supposed', -326, 147630, 147673)
('to(3)', -2209, 147674, 147689)
('write', -4720, 147690, 147724)
('or', -20419, 147725, 147733)
('less', -12508, 147734, 147760)
('when(3)', -27373, 147761, 147775)
('when(3)', -22930, 147776, 147799)
('<sil>', -244, 147800, 147874)
('did', -37211, 147875, 147892)
('you', -970, 147893, 147903)
('get', -15895, 147904, 147931)
('to(2)', -30150, 147932, 147942)
('go', -27934, 147943, 147957)
('all', -40976, 147958, 147976)
('the', -917, 147977, 147988)
('superstar', -15400, 147989, 148057)
('like', -231, 148058, 148080)
('secretariat', -3555, 148081, 148167)
('<sil>', -3011, 148168, 148186)
('as', -12400, 148187, 148203)
('secretary', -259, 148204, 148282)
('came', -4585, 148283, 148318)
('in', -2965, 148319, 148327)
('second', -237, 148328, 148381)
('<sil>', -237, 148382, 148427)
('secretariat', -9271, 148428, 148503)
('would', -13908, 148504, 148523)
('not', -14839, 148524, 148542)
('have', -236, 148543, 148561)
('that', -4194, 148562, 148587)
('big', -7715, 148588, 148609)
('beautiful', -238, 148610, 148671)
('bronze', -2230, 148672, 148740)
('<sil>', -588, 148741, 148772)
('bust', -7572, 148773, 148822)
('<sil>', -249, 148823, 148869)
('at', -24146, 148870, 148892)
('the', -9770, 148893, 148901)
('track', -8796, 148902, 148945)
('at', -34674, 148946, 148954)
('belmont', -28380, 148955, 149013)
('bought', -31995, 149014, 149047)
('that(2)', -32160, 149048, 149061)
('your(2)', -1906, 149062, 149076)
('rights', -1385, 149077, 149145)
('<sil>', -273, 149146, 149190)
('is', -1146, 149191, 149213)
('really(2)', -575, 149214, 149259)
('a', -44208, 149260, 149262)
('star', -36785, 149263, 149309)
('<sil>', -250, 149310, 149365)
('and(2)', -13469, 149366, 149381)
('he', -24020, 149382, 149398)
('is', -19917, 149399, 149414)
('the', -9698, 149415, 149426)
('hardest', -1880, 149427, 149489)
('working', -377, 149490, 149538)
('guy', -27552, 149539, 149574)
('<sil>', -256, 149575, 149641)
('head', -58652, 149642, 149690)
('head', -24223, 149691, 149735)
('why(2)', -16459, 149736, 149780)
('i', -4807, 149781, 149789)
("didn't", -16956, 149790, 149838)
('write', -13417, 149839, 149871)
('them(2)', -23084, 149872, 149892)
('out', -23698, 149893, 149909)
('there', -8592, 149910, 149922)
("where's", -66044, 149923, 149966)
('my', -13238, 149967, 149990)
('<sil>', -349, 149991, 150022)
('dad', -40542, 150023, 150038)
('out', -305, 150039, 150107)
('boil', -2564, 150108, 150163)
('<sil>', -23387, 150164, 150171)
('oil', -37496, 150172, 150226)
('<sil>', -2706, 150227, 150238)
('on(2)', -16352, 150239, 150270)
('<sil>', -249, 150271, 150317)
('to(2)', -23609, 150318, 150328)
('that', -14236, 150329, 150355)
('time', -15854, 150356, 150386)
('you', -20645, 150387, 150400)
('get(2)', -25511, 150401, 150423)
('this', -5247, 150424, 150447)
('right', -6833, 150448, 150474)
('<sil>', -398, 150475, 150515)
('one(2)', -63637, 150516, 150799)
('<sil>', -769, 150800, 150815)
('<sil>', -237, 150816, 150878)
('is', -22151, 150879, 150897)
('<sil>', -232, 150898, 150941)
('blazing', -39323, 150942, 151020)
('gentlemen(2)', -20062, 151021, 151068)
('the', -1208, 151069, 151077)
('next(2)', -5468, 151078, 151112)
('president(2)', -2087, 151113, 151173)
('of', -640, 151174, 151181)
('the(2)', -3446, 151182, 151192)
('united', -196, 151193, 151241)
('states', -259, 151242, 151308)
('ha', -16591, 151309, 151381)
('ha', -666, 151382, 151431)
('ha', -3005, 151432, 151460)
('<sil>', -2808, 151461, 151479)
('thank', -18830, 151480, 151525)
('you', -304, 151526, 151546)
('<sil>', -4171, 151547, 151566)
('and', -55531, 151567, 151584)
('i', -11645, 151585, 151606)
('think', -3596, 151607, 151657)
('[SPEECH]', -4507, 151658, 151676)
('<sil>', -193, 151677, 151720)
('the(2)', -184, 151721, 151764)
('the', -14479, 151765, 151776)
('[SPEECH]', -1635, 151777, 151791)
('<sil>', -181, 151792, 151872)
('our(2)', -43780, 151873, 151886)
('partnership', -45321, 151887, 151970)
('<sil>', -175, 151971, 152020)
('with', -3194, 152021, 152033)
('the(2)', -3870, 152034, 152047)
('r', -57859, 152048, 152071)
('a', -60737, 152072, 152083)
('z', -32668, 152084, 152132)
('<sil>', -163, 152133, 152172)
('was(2)', -2680, 152173, 152201)
('awarded', -3090, 152202, 152273)
('the', -1385, 152274, 152281)
('success', -2945, 152282, 152343)
('of', -31528, 152344, 152352)
('what', -28052, 152353, 152377)
("we've", -40763, 152378, 152394)
('done', -9017, 152395, 152431)
('<sil>', -200, 152432, 152457)
('<sil>', -163, 152458, 152507)
('so', -4064, 152508, 152541)
("i'll", -2880, 152542, 152561)
('also', -1641, 152562, 152591)
('have', -8793, 152592, 152608)
('to(3)', -7413, 152609, 152619)
('serve', -21619, 152620, 152660)
('the(2)', -465, 152661, 152701)
('ozone', -4257, 152702, 152749)
('<sil>', -163, 152750, 152801)
('incredible', -171, 152802, 152861)
('people', -177, 152862, 152903)
('<sil>', -184, 152904, 152955)
('the', -10893, 152956, 152968)
('secret(2)', -8009, 152969, 153017)
('service', -4377, 153018, 153066)
('people', -178, 153067, 153108)
('<sil>', -187, 153109, 153153)
('that', -584, 153154, 153280)
('had', -3693, 153281, 153317)
('shot', -23918, 153318, 153344)
('had', -24110, 153345, 153412)
('this', -15389, 153413, 153449)
('mark', -27418, 153450, 153527)
('<sil>', -2830, 153528, 153535)
('had', -30111, 153536, 153560)
('this', -6333, 153561, 153595)
('job', -700, 153596, 153658)
('<sil>', -2207, 153659, 153681)
('and(2)', -488, 153682, 153718)
('i', -2494, 153719, 153729)
('know', -15219, 153730, 153740)
('what', -16798, 153741, 153757)
('a', -23818, 153758, 153764)
('mess', -2895, 153765, 153792)
('around', -219, 153793, 153826)
('with', -661, 153827, 153847)
('[SPEECH]', -3941, 153848, 153858)
('my', -3331, 153859, 153872)
('concern', -9805, 153873, 153925)
('you', -17428, 153926, 153940)
('<sil>', -205, 153941, 153975)
('know', -1691, 153976, 153991)
('what', -3091, 153992, 154009)
('i', -8363, 154010, 154016)
('wanna', -2337, 154017, 154039)
('go', -703, 154040, 154061)
('on(2)', -23665, 154062, 154070)
('wage', -33050, 154071, 154105)
('job(2)', -32288, 154106, 154135)
('a(2)', -39449, 154136, 154142)
('group', -4973, 154143, 154175)
('of', -1360, 154176, 154185)
('people', -199, 154186, 154230)
('and', -20116, 154231, 154240)
('they', -18516, 154241, 154253)
('rip', -23028, 154254, 154299)
('me', -7356, 154300, 154313)
('down', -2539, 154314, 154349)
('or(2)', -46264, 154350, 154357)
('put', -50668, 154358, 154384)
('me', -26620, 154385, 154394)
('back', -13083, 154395, 154423)
('down', -4203, 154424, 154452)
('in', -37429, 154453, 154459)
('the', -21112, 154460, 154471)
('city', -25557, 154472, 154500)
('<sil>', -176, 154501, 154543)
('but', -9524, 154544, 154556)
('they', -1913, 154557, 154574)
('are', -6249, 154575, 154584)
('fantastic', -190, 154585, 154657)
('people', -222, 154658, 154692)
('so', -311, 154693, 154712)
('i', -2803, 154713, 154719)
('wanna', -12375, 154720, 154748)
('thank', -4609, 154749, 154785)
('<sil>', -268, 154786, 154821)
('the', -16243, 154822, 154832)
('secret(2)', -24839, 154833, 154895)
('service', -4285, 154896, 154954)
('hot', -8166, 154955, 155204)
('and(2)', -4262, 155205, 155249)
('<sil>', -4449, 155250, 155260)
('<sil>', -326, 155261, 155277)
('loan', -46375, 155278, 155328)
('for', -15404, 155329, 155356)
('smith', -28743, 155357, 155387)
('you', -14210, 155388, 155418)
('york', -13378, 155419, 155443)
('city', -129, 155444, 155498)
('<sil>', -2236, 155499, 155505)
('in', -15697, 155506, 155516)
('here', -3738, 155517, 155542)
('tonight', -13781, 155543, 155589)
('when(4)', -36713, 155590, 155651)
('sharp', -20180, 155652, 155733)
('vacuum', -47305, 155734, 155778)
('of', -18607, 155779, 155789)
('people', -4979, 155790, 155834)
('<sil>', -216, 155835, 155886)
('sometimes', -363, 155887, 155961)
('under', -6323, 155962, 155998)
('appreciated', -112, 155999, 156069)
('unfortunately', -5256, 156070, 156168)
('<sil>', -7176, 156169, 156177)
('<sil>', -198, 156178, 156203)
('when', -11322, 156204, 156216)
('we', -126, 156217, 156241)
('appreciate', -122, 156242, 156301)
('them', -14679, 156302, 156322)
('we', -228, 156323, 156334)
('know', -194, 156335, 156350)
('what', -1365, 156351, 156368)
('they', -4075, 156369, 156381)
('go', -9576, 156382, 156406)
('<sil>', -1495, 156407, 156435)
('<sil>', -153, 156436, 156473)
('home', -9182, 156474, 156536)
('so', -535, 156537, 156582)
('<sil>', -243, 156583, 156616)
("it's", -33140, 156617, 156626)
('been', -31049, 156627, 156651)
('what', -14405, 156652, 156674)
('they', -13250, 156675, 156686)
('call', -23360, 156687, 156721)
('a', -33908, 156722, 156724)
('historic', -14653, 156725, 156797)
('[NOISE]', -5571, 156798, 156812)
('<sil>', -95, 156813, 156863)
('events', -12874, 156864, 156907)
('<sil>', -92, 156908, 156965)
('led', -43273, 156966, 156986)
('<sil>', -98, 156987, 157023)
('to(3)', -9435, 157024, 157033)
('be', -317, 157034, 157050)
('really', -4905, 157051, 157083)
('is', -11789, 157084, 157105)
('dark', -30253, 157106, 157158)
('<sil>', -82, 157159, 157204)
('we', -31379, 157205, 157214)
('have', -22758, 157215, 157227)
('to(3)', -10541, 157228, 157238)
('do', -3824, 157239, 157251)
('a', -23556, 157252, 157255)
('great', -10195, 157256, 157280)
('job(2)', -12453, 157281, 157312)
('<sil>', -95, 157313, 157361)
('[NOISE]', -3929, 157362, 157403)
('and(2)', -2749, 157404, 157422)
('i', -255, 157423, 157432)
('promise', -225, 157433, 157487)
('you', -100, 157488, 157510)
('that(2)', -10176, 157511, 157526)
('i', -20312, 157527, 157531)
('will(2)', -4943, 157532, 157562)
('not', -128, 157563, 157586)
('let', -22200, 157587, 157610)
('you', -2196, 157611, 157621)
("didn't(3)", -9961, 157622, 157656)
('we', -5881, 157657, 157670)
('went', -29977, 157671, 157690)
('to', -271, 157691, 157728)
('a(2)', -23145, 157729, 157740)
('to(3)', -19814, 157741, 157759)
('i', -40925, 157760, 157768)
('had', -10656, 157769, 157953)
('i', -9814, 157954, 157956)
('had', -17521, 157957, 157993)
('a', -10789, 157994, 157999)
('very', -121, 158000, 158035)
('much', -121, 158036, 158090)
('<sil>', -4662, 158091, 158093)
('forward', -35430, 158094, 158180)
('to(2)', -2323, 158181, 158191)
('being', -49782, 158192, 158226)
('a', -20327, 158227, 158233)
('president', -1326, 158234, 158300)
('<sil>', -1972, 158301, 158350)
('and(2)', -10027, 158351, 158364)
('hopefully', -6885, 158365, 158415)
('at', -14418, 158416, 158428)
('the(2)', -361, 158429, 158445)
('end', -79, 158446, 158469)
('of', -529, 158470, 158530)
('<sil>', -3324, 158531, 158538)
('two', -86, 158539, 158558)
('years', -3100, 158559, 158603)
('or(2)', -10424, 158604, 158612)
('three', -109, 158613, 158641)
('years(2)', -4021, 158642, 158672)
('or(2)', -2486, 158673, 158679)
('four', -786, 158680, 158705)
('years(2)', -235, 158706, 158739)
('or', -3663, 158740, 158754)
('maybe', -340, 158755, 158800)
('even', -112, 158801, 158846)
('<sil>', -2455, 158847, 158854)
('eight', -37056, 158855, 158887)
('years(2)', -4581, 158888, 158943)
('<sil>', -4060, 158944, 158952)
('how', -1220, 158953, 159035)
('<sil>', -5286, 159036, 159040)
('you', -687, 159041, 159057)
('will(2)', -1552, 159058, 159078)
('say', -97, 159079, 159116)
('so', -6286, 159117, 159138)
('many', -8067, 159139, 159162)
('of', -4421, 159163, 159172)
('you', -3557, 159173, 159184)
('worked', -28674, 159185, 159205)
('so', -2342, 159206, 159232)
('hard', -19145, 159233, 159257)
('for(3)', -15705, 159258, 159279)
('it', -5223, 159280, 159306)
('[SPEECH]', -1733, 159307, 159318)
('<sil>', -1334, 159319, 159332)
('you', -917, 159333, 159345)
('will(2)', -2417, 159346, 159361)
('say', -132, 159362, 159400)
('that', -92, 159401, 159436)
('<sil>', -94, 159437, 159480)
('you', -4816, 159481, 159496)
('will(2)', -10374, 159497, 159510)
('say', -6717, 159511, 159539)
('that(2)', -8179, 159540, 159556)
('there', -29617, 159557, 159572)
('was(2)', -95, 159573, 159588)
('something', -96, 159589, 159640)
('that(2)', -4124, 159641, 159661)
('you', -91, 159662, 159689)
('<sil>', -92, 159690, 159762)
('are(2)', -3524, 159763, 159795)
('<sil>', -5863, 159796, 159801)
('relieved', -44083, 159802, 159855)
('<sil>', -5982, 159856, 159865)
("we're(3)", -17578, 159866, 159885)
('very', -1845, 159886, 159912)
('proud', -83, 159913, 159954)
('to(3)', -8144, 159955, 159964)
('do', -206, 159965, 160018)
('<sil>', -11427, 160019, 160022)
('and(2)', -14579, 160023, 160059)
('<sil>', -183, 160060, 160108)
('that', -15774, 160109, 160128)
('i', -2388, 160129, 160140)
('can(2)', -5523, 160141, 160178)
('<sil>', -69, 160179, 160209)
('thank', -10429, 160210, 160233)
('you', -73, 160234, 160243)
('for(3)', -5159, 160244, 160271)
('march', -4168, 160272, 160312)
('<sil>', -213, 160313, 160338)
('out', -34734, 160339, 160382)
('and(2)', -20840, 160383, 160393)
('i', -2100, 160394, 160401)
('can(2)', -10625, 160402, 160420)
('only', -236, 160421, 160448)
('say', -2968, 160449, 160505)
('<sil>', -3281, 160506, 160530)
('<sil>', -3493, 160531, 160537)
('that', -815, 160538, 160557)
('while(2)', -6884, 160558, 160587)
('the', -125, 160588, 160595)
('campaign', -260, 160596, 160666)
('is', -240, 160667, 160685)
('over', -88, 160686, 160732)
('<sil>', -74, 160733, 160763)
('our(3)', -2054, 160764, 160781)
('work', -202, 160782, 160831)
('<sil>', -78, 160832, 160868)
('on(2)', -1062, 160869, 160887)
('those', -15728, 160888, 160907)
('movement', -1095, 160908, 160967)
('<sil>', -3231, 160968, 160976)
('is', -99, 160977, 161002)
('now', -7644, 161003, 161024)
('really(2)', -5294, 161025, 161062)
('just', -4263, 161063, 161091)
('beginning', -11841, 161092, 161134)
('<sil>', -7642, 161135, 161150)
('ahead', -8589, 161151, 161350)
('going(2)', -6480, 161351, 161378)
('to(2)', -177, 161379, 161388)
('get', -166, 161389, 161412)
('to(3)', -8959, 161413, 161423)
('work', -7699, 161424, 161454)
('every(2)', -1182, 161455, 161513)
('fit', -25188, 161514, 161535)
('in', -10083, 161536, 161552)
('their', -17225, 161553, 161572)
('activities', -54981, 161573, 161624)
('<sil>', -1599, 161625, 161635)
('which(2)', -14426, 161636, 161711)
('going', -43, 161712, 161741)
('to(2)', -35, 161742, 161757)
('be', -28, 161758, 161809)
('<sil>', -6111, 161810, 161819)
('<sil>', -911, 161820, 161834)
('doing', -4204, 161835, 161867)
('the(2)', -10935, 161868, 161877)
('job', -30, 161878, 161927)
('[SPEECH]', -5606, 161928, 161952)
('<sil>', -1192, 161953, 161974)
('that', -2894, 161975, 161991)
('hopefully', -35, 161992, 162066)
('<sil>', -34, 162067, 162117)
("you'll", -2195, 162118, 162145)
('be', -37, 162146, 162162)
('so', -87, 162163, 162188)
('proud', -706, 162189, 162226)
('of', -134, 162227, 162237)
('you', -46766, 162238, 162247)
('present', -38490, 162248, 162291)
('it', -58856, 162292, 162317)
('<sil>', -25, 162318, 162353)
('to', -5352, 162354, 162369)
('be', -1490, 162370, 162384)
('so', -237, 162385, 162409)
('proud', -4277, 162410, 162452)
('<sil>', -344, 162453, 162500)
('again', -313, 162501, 162556)
('<sil>', -51, 162557, 162582)
("it's", -1987, 162583, 162603)
('my', -9015, 162604, 162627)
('honor', -15891, 162628, 162668)
('<sil>', -40, 162669, 162708)
('is', -6371, 162709, 162721)
('an(2)', -13994, 162722, 162731)
('amazing', -44, 162732, 162804)
('evening', -51, 162805, 162855)
("it's", -2614, 162856, 162871)
('been', -28696, 162872, 162891)
('an(2)', -35428, 162892, 162904)
('amazing', -183, 162905, 162970)
('<sil>', -10765, 162971, 162973)
('two', -32104, 162974, 162987)
('year', -3708, 162988, 163008)
('period', -4338, 163009, 163069)
('<sil>', -36, 163070, 163110)
('and(2)', -1396, 163111, 163156)
('ah', -79, 163157, 163190)
('i', -451, 163191, 163215)
('love', -1206, 163216, 163277)
('<sil>', -5280, 163278, 163290)
('this', -85, 163291, 163355)
('<sil>', -428, 163356, 163388)
('got', -39729, 163389, 163413)
('to(2)', -1205, 163414, 163439)
('<sil>', -3508, 163440, 163457)
('high', -21765, 163458, 163535)
('<sil>', -54, 163536, 163566)
('high', -45394, 163567, 163592)
('high', -33421, 163593, 163635)
('high', -70891, 163636, 163661)
('high', -25341, 163662, 163703)
('due', -35105, 163704, 163721)
('to(3)', -18264, 163722, 163735)
('my', -21041, 163736, 163758)
('<sil>', -2804, 163759, 163769)
('perfect', -59569, 163770, 163831)
('and', -35386, 163832, 163863)
('<sil>', -1128, 163864, 163883)
('out', 0, 163884, 164043)
